0,1000000000	0	0	3	
0,1250000000	0	0	9	
0,1250000000	1	1	21	
0,1875000000	2	2	26	
0,1250000000	3	3	46	
0,1875000000	4	4	56	
0,1250000000	5	5	97	
0,1562500000	9	9	107	
0,1875000000	9	10	117	
0,1093750000	14	15	190	
0,1250000000	15	16	200	
0,1406250000	17	18	210	
0,1562500000	18	19	220	
0,1171875000	43	48	397	
0,1562500000	56	63	447	
0,1953125000	249	331	1001	
0,1953125000	788	1292	2012	
0,1953125000	2212	5187	4035	
0,1220703125	9931	45203	13165	
0,1220703125	22252	180018	26320	
0,1000000000	0	0	3	
0,1250000000	0	0	9	
0,1250000000	0	0	21	
0,1875000000	2	2	26	
0,1250000000	2	2	46	
0,1875000000	3	3	56	
0,1250000000	6	6	97	
0,1562500000	10	10	107	
0,1875000000	10	10	117	
0,1093750000	15	16	190	
0,1250000000	14	14	200	
0,1406250000	17	17	210	
0,1562500000	18	20	220	
0,1171875000	44	49	396	
0,1562500000	53	58	447	
0,1953125000	248	325	1002	
0,1953125000	788	1297	2012	
0,1953125000	2193	5089	4035	
0,1220703125	9946	45513	13167	
0,1220703125	22284	181469	26328	
0,1000000000	0	0	3	
0,1250000000	0	0	9	
0,1250000000	1	1	21	
0,1875000000	2	2	26	
0,1250000000	3	4	46	
0,1875000000	5	6	56	
0,1250000000	5	5	97	
0,1562500000	7	7	107	
0,1875000000	9	11	117	
0,1093750000	14	16	190	
0,1250000000	15	17	200	
0,1406250000	17	18	210	
0,1562500000	20	22	220	
0,1171875000	42	45	397	
0,1562500000	58	65	447	
0,1953125000	254	336	1002	
0,1953125000	788	1303	2012	
0,1953125000	2213	5203	4035	
0,1220703125	9927	45010	13168	
0,1220703125	22280	181093	26327	
0,1000000000	0	0	3	
0,1250000000	0	0	9	
0,1250000000	1	1	21	
0,1875000000	1	1	26	
0,1250000000	2	2	46	
0,1875000000	4	4	56	
0,1250000000	5	5	97	
0,1562500000	8	8	107	
0,1875000000	8	9	117	
0,1093750000	14	16	190	
0,1250000000	15	15	200	
0,1406250000	15	16	210	
0,1562500000	20	23	220	
0,1171875000	45	50	396	
0,1562500000	57	65	447	
0,1953125000	246	324	1002	
0,1953125000	773	1289	2012	
0,1953125000	2201	5160	4035	
0,1220703125	9941	45211	13164	
0,1220703125	22257	181004	26327	
0,1000000000	0	0	3	
0,1250000000	0	0	9	
0,1250000000	0	0	21	
0,1875000000	3	3	26	
0,1250000000	2	2	46	
0,1875000000	4	4	56	
0,1250000000	6	6	97	
0,1562500000	9	10	107	
0,1875000000	10	11	117	
0,1093750000	18	19	190	
0,1250000000	14	14	200	
0,1406250000	16	17	210	
0,1562500000	20	22	220	
0,1171875000	43	48	397	
0,1562500000	60	68	447	
0,1953125000	249	328	1002	
0,1953125000	779	1294	2013	
0,1953125000	2197	5100	4035	
0,1220703125	9952	45474	13167	
0,1220703125	22258	180976	26317	
0,1000000000	0	0	3	
0,1250000000	0	0	9	
0,1250000000	0	0	21	
0,1875000000	2	2	26	
0,1250000000	3	3	46	
0,1875000000	4	4	56	
0,1250000000	8	8	97	
0,1562500000	6	7	107	
0,1875000000	10	11	117	
0,1093750000	15	17	190	
0,1250000000	19	21	200	
0,1406250000	19	21	210	
0,1562500000	18	19	220	
0,1171875000	44	49	397	
0,1562500000	57	64	447	
0,1953125000	246	324	1002	
0,1953125000	772	1258	2012	
0,1953125000	2204	5162	4035	
0,1220703125	9954	45578	13165	
0,1220703125	22248	180956	26322	
0,1000000000	0	0	3	
0,1250000000	0	0	9	
0,1250000000	0	0	21	
0,1875000000	1	1	26	
0,1250000000	3	3	46	
0,1875000000	4	4	56	
0,1250000000	8	8	97	
0,1562500000	10	11	107	
0,1875000000	10	11	117	
0,1093750000	16	18	190	
0,1250000000	15	15	200	
0,1406250000	17	19	210	
0,1562500000	19	21	220	
0,1171875000	40	44	397	
0,1562500000	56	63	447	
0,1953125000	250	336	1002	
0,1953125000	791	1310	2012	
0,1953125000	2215	5222	4035	
0,1220703125	9935	45528	13167	
0,1220703125	22261	179758	26325	
0,1000000000	0	0	3	
0,1250000000	0	0	9	
0,1250000000	0	0	21	
0,1875000000	2	2	26	
0,1250000000	4	4	46	
0,1875000000	4	4	56	
0,1250000000	7	7	97	
0,1562500000	6	7	107	
0,1875000000	9	10	117	
0,1093750000	13	14	190	
0,1250000000	16	16	200	
0,1406250000	18	19	210	
0,1562500000	21	23	220	
0,1171875000	42	46	397	
0,1562500000	58	65	447	
0,1953125000	249	325	1002	
0,1953125000	787	1312	2012	
0,1953125000	2217	5227	4035	
0,1220703125	9934	45325	13167	
0,1220703125	22273	180677	26324	
0,1000000000	0	0	3	
0,1250000000	0	0	9	
0,1250000000	1	1	21	
0,1875000000	1	1	26	
0,1250000000	2	2	46	
0,1875000000	4	4	56	
0,1250000000	6	6	97	
0,1562500000	7	7	107	
0,1875000000	12	13	117	
0,1093750000	18	20	190	
0,1250000000	14	15	200	
0,1406250000	15	16	210	
0,1562500000	21	23	219	
0,1171875000	46	49	397	
0,1562500000	54	61	447	
0,1953125000	249	333	1002	
0,1953125000	783	1313	2012	
0,1953125000	2213	5200	4035	
0,1220703125	9949	45274	13165	
0,1220703125	22274	181524	26324	
0,1000000000	0	0	3	
0,1250000000	0	0	9	
0,1250000000	1	1	21	
0,1875000000	1	1	26	
0,1250000000	3	3	46	
0,1875000000	5	6	56	
0,1250000000	6	7	97	
0,1562500000	7	8	107	
0,1875000000	10	11	117	
0,1093750000	15	16	190	
0,1250000000	15	17	200	
0,1406250000	20	21	210	
0,1562500000	17	18	220	
0,1171875000	39	44	397	
0,1562500000	55	60	447	
0,1953125000	251	325	1002	
0,1953125000	783	1299	2012	
0,1953125000	2209	5152	4035	
0,1220703125	9938	45387	13166	
0,1220703125	22275	180905	26327	
0,1000000000	0	0	3	
0,1250000000	0	0	8	
0,1250000000	0	0	20	
0,1875000000	1	1	25	
0,1250000000	1	1	44	
0,1875000000	3	3	54	
0,1250000000	2	2	93	
0,1562500000	6	6	100	
0,1875000000	6	6	112	
0,1093750000	8	8	175	
0,1250000000	8	8	186	
0,1406250000	10	10	199	
0,1562500000	13	13	203	
0,1171875000	25	25	364	
0,1562500000	38	38	415	
0,1953125000	173	173	912	
0,1953125000	523	523	1752	
0,1953125000	1409	1409	3220	
0,1220703125	4296	4296	7502	
0,1220703125	9230	9230	13280	
